{
 "cells": [
  {
   "cell_type": "code",
   "execution_count": 1,
   "metadata": {},
   "outputs": [],
   "source": [
    "import re\n",
    "import numpy as np\n",
    "import pandas as pd\n",
    "import jieba\n",
    "import openpyxl\n",
    "import jupyterthemes as jt\n",
    "import pyLDAvis\n",
    "import pyLDAvis.sklearn\n",
    "pyLDAvis.enable_notebook()\n",
    "from sklearn.decomposition import LatentDirichletAllocation as LDA\n",
    "from sklearn.feature_extraction.text import CountVectorizer\n",
    "from sklearn.feature_extraction.text import TfidfVectorizer\n",
    "jieba.dt.cache_file = 'jieba.cache.lmspeech'"
   ]
  },
  {
   "cell_type": "code",
   "execution_count": 2,
   "metadata": {},
   "outputs": [
    {
     "data": {
      "text/html": [
       "<div>\n",
       "<style scoped>\n",
       "    .dataframe tbody tr th:only-of-type {\n",
       "        vertical-align: middle;\n",
       "    }\n",
       "\n",
       "    .dataframe tbody tr th {\n",
       "        vertical-align: top;\n",
       "    }\n",
       "\n",
       "    .dataframe thead th {\n",
       "        text-align: right;\n",
       "    }\n",
       "</style>\n",
       "<table border=\"1\" class=\"dataframe\">\n",
       "  <thead>\n",
       "    <tr style=\"text-align: right;\">\n",
       "      <th></th>\n",
       "      <th>立委姓名</th>\n",
       "      <th>發言內容</th>\n",
       "    </tr>\n",
       "  </thead>\n",
       "  <tbody>\n",
       "    <tr>\n",
       "      <th>0</th>\n",
       "      <td>孔文吉</td>\n",
       "      <td>主席、各位列席官員、各位同仁。從上一次質詢到現在差不多有幾個月了，現在兩岸的關係，目前具體的...</td>\n",
       "    </tr>\n",
       "    <tr>\n",
       "      <th>1</th>\n",
       "      <td>尤美女</td>\n",
       "      <td>\\n主席、各位列席官員、各位同仁。我相信全國國人和政府單位都非常的關心李明哲事件，李太太所表...</td>\n",
       "    </tr>\n",
       "    <tr>\n",
       "      <th>2</th>\n",
       "      <td>王育敏</td>\n",
       "      <td>主席、各位列席官員、各位同仁。順便問一下，為什麼今天李大維部長又沒來？\\n\\n處理外交危機嗎...</td>\n",
       "    </tr>\n",
       "    <tr>\n",
       "      <th>3</th>\n",
       "      <td>王定宇</td>\n",
       "      <td>主席、各位列席官員、各位同仁。本席很快的問幾個問題。第一，川習會這次的重點當然是有關經貿和北...</td>\n",
       "    </tr>\n",
       "    <tr>\n",
       "      <th>4</th>\n",
       "      <td>王惠美</td>\n",
       "      <td>主席、各位列席官員、各位同仁。川習會成局的關鍵在於川普承認遵守所謂的一中政策，臺灣自然就不再...</td>\n",
       "    </tr>\n",
       "  </tbody>\n",
       "</table>\n",
       "</div>"
      ],
      "text/plain": [
       "  立委姓名                                               發言內容\n",
       "0  孔文吉  主席、各位列席官員、各位同仁。從上一次質詢到現在差不多有幾個月了，現在兩岸的關係，目前具體的...\n",
       "1  尤美女  \\n主席、各位列席官員、各位同仁。我相信全國國人和政府單位都非常的關心李明哲事件，李太太所表...\n",
       "2  王育敏  主席、各位列席官員、各位同仁。順便問一下，為什麼今天李大維部長又沒來？\\n\\n處理外交危機嗎...\n",
       "3  王定宇  主席、各位列席官員、各位同仁。本席很快的問幾個問題。第一，川習會這次的重點當然是有關經貿和北...\n",
       "4  王惠美  主席、各位列席官員、各位同仁。川習會成局的關鍵在於川普承認遵守所謂的一中政策，臺灣自然就不再..."
      ]
     },
     "execution_count": 2,
     "metadata": {},
     "output_type": "execute_result"
    }
   ],
   "source": [
    "data = pd.read_excel(\"C:/Users/User/Documents/Operation Holy Grail/Phase 2/text mining revised/R/106107政治與兩岸關係類_run.xlsx\")\n",
    "data.fillna(\"\",inplace=True)\n",
    "lmspeech = list(data[\"發言內容\"])\n",
    "data.head()"
   ]
  },
  {
   "cell_type": "code",
   "execution_count": 3,
   "metadata": {
    "scrolled": true
   },
   "outputs": [
    {
     "name": "stderr",
     "output_type": "stream",
     "text": [
      "Building prefix dict from c:\\venv\\workspace\\source\\Text mining\\106107 dict.txt ...\n",
      "Loading model from cache C:\\Users\\User\\AppData\\Local\\Temp\\jieba.cache.lmspeech\n",
      "Loading model cost 0.001 seconds.\n",
      "Prefix dict has been built successfully.\n"
     ]
    }
   ],
   "source": [
    "#字典建立與斷字處理\n",
    "jieba.set_dictionary('106107 dict.txt')\n",
    "jieba.load_userdict('106107 dict.txt')\n",
    "with open('stopwords.txt', encoding = 'UTF-8') as f:\n",
    "    stop_words = f.readlines()\n",
    "stop_words = [w.replace('\\n', '') for w in stop_words]\n",
    "stop_words = [w.replace(' ', '') for w in stop_words]\n",
    "rule = re.compile(r\"[^\\u4e00-\\u9fa5]\")\n",
    "lmspeech = [list(jieba.cut(rule.sub('', speech))) for speech in lmspeech]\n",
    "for idx, speech in enumerate(lmspeech):\n",
    "    lmspeech[idx] = ' '.join([word for word in speech if word.strip() not in stop_words])"
   ]
  },
  {
   "cell_type": "code",
   "execution_count": 4,
   "metadata": {},
   "outputs": [],
   "source": [
    "#斷字結果匯出\n",
    "swo=pd.DataFrame(columns=['發言內容'],data=lmspeech)\n",
    "swo.to_excel(\"106107pncs.xlsx\",encoding='UTF-8')"
   ]
  },
  {
   "cell_type": "code",
   "execution_count": 4,
   "metadata": {},
   "outputs": [
    {
     "data": {
      "text/plain": [
       "array([[0, 0, 0, ..., 0, 0, 0],\n",
       "       [0, 0, 0, ..., 0, 0, 0],\n",
       "       [0, 0, 0, ..., 0, 0, 0],\n",
       "       ...,\n",
       "       [0, 0, 0, ..., 0, 0, 0],\n",
       "       [0, 0, 0, ..., 0, 0, 0],\n",
       "       [0, 0, 0, ..., 1, 1, 0]], dtype=int64)"
      ]
     },
     "execution_count": 4,
     "metadata": {},
     "output_type": "execute_result"
    }
   ],
   "source": [
    "#Bag of Words\n",
    "cv = CountVectorizer(min_df=0., max_df=1.)\n",
    "cv_matrix = cv.fit_transform(lmspeech)\n",
    "cv_matrix\n",
    "\n",
    "cv_matrix = cv_matrix.toarray()\n",
    "cv_matrix"
   ]
  },
  {
   "cell_type": "code",
   "execution_count": 5,
   "metadata": {},
   "outputs": [
    {
     "name": "stderr",
     "output_type": "stream",
     "text": [
      "c:\\python37\\lib\\site-packages\\sklearn\\feature_extraction\\text.py:1808: UserWarning: Only (<class 'numpy.float64'>, <class 'numpy.float32'>, <class 'numpy.float16'>) 'dtype' should be used. <class 'numpy.int64'> 'dtype' will be converted to np.float64.\n",
      "  UserWarning)\n"
     ]
    }
   ],
   "source": [
    "#立委發言字彙分類\n",
    "tf_vectorizer = CountVectorizer(token_pattern='[\\u4e00-\\u9fff]{2,6}',max_features=500)\n",
    "dtm_tf = tf_vectorizer.fit_transform(lmspeech)\n",
    "tfidf_vectorizer = TfidfVectorizer(**tf_vectorizer.get_params())\n",
    "dtm_tfidf = tfidf_vectorizer.fit_transform(lmspeech)"
   ]
  },
  {
   "cell_type": "code",
   "execution_count": 6,
   "metadata": {},
   "outputs": [
    {
     "data": {
      "text/plain": [
       "LatentDirichletAllocation(n_components=3, random_state=0)"
      ]
     },
     "execution_count": 6,
     "metadata": {},
     "output_type": "execute_result"
    }
   ],
   "source": [
    "#字彙分類數設定\n",
    "lda_tf = LDA(n_components=3, random_state=0)\n",
    "lda_tf.fit(dtm_tf)"
   ]
  },
  {
   "cell_type": "code",
   "execution_count": 7,
   "metadata": {
    "scrolled": true
   },
   "outputs": [
    {
     "data": {
      "text/plain": [
       "LatentDirichletAllocation(n_components=20, random_state=0)"
      ]
     },
     "execution_count": 7,
     "metadata": {},
     "output_type": "execute_result"
    }
   ],
   "source": [
    "#字彙顯示個數設定\n",
    "lda_tfidf = LDA(n_components=20, random_state=0)\n",
    "lda_tfidf.fit(dtm_tfidf)"
   ]
  },
  {
   "cell_type": "code",
   "execution_count": 8,
   "metadata": {},
   "outputs": [
    {
     "name": "stdout",
     "output_type": "stream",
     "text": [
      "[[3.18836505e-03 1.55019227e-01 8.41792408e-01]\n",
      " [2.86019123e-03 3.03581819e-03 9.94103991e-01]\n",
      " [3.35550833e-01 4.21946243e-01 2.42502924e-01]\n",
      " [9.47583637e-01 4.23454963e-02 1.00708672e-02]\n",
      " [5.29345265e-01 5.73324743e-02 4.13322261e-01]\n",
      " [4.90228262e-01 1.99626123e-02 4.89809126e-01]\n",
      " [2.43677386e-01 6.29066828e-01 1.27255787e-01]\n",
      " [9.90673569e-01 4.47490077e-03 4.85153018e-03]\n",
      " [9.29861629e-01 7.62528142e-03 6.25130891e-02]\n",
      " [9.93049442e-01 3.64814838e-03 3.30240941e-03]\n",
      " [9.81493218e-01 1.82523064e-02 2.54475962e-04]\n",
      " [2.72415731e-03 1.42791420e-01 8.54484423e-01]\n",
      " [7.20049069e-01 1.58558414e-01 1.21392518e-01]\n",
      " [2.79271027e-01 3.32647569e-03 7.17402497e-01]\n",
      " [9.98106241e-01 2.66987892e-04 1.62677143e-03]\n",
      " [7.13693414e-02 5.60678749e-01 3.67951910e-01]\n",
      " [7.20311862e-01 1.36448463e-01 1.43239675e-01]\n",
      " [2.91957854e-01 1.52425171e-03 7.06517895e-01]\n",
      " [9.50083693e-01 1.57436285e-04 4.97588706e-02]\n",
      " [1.01721318e-02 6.90660947e-01 2.99166922e-01]\n",
      " [1.19332407e-01 7.61850712e-01 1.18816881e-01]\n",
      " [2.71790475e-01 2.01394264e-03 7.26195582e-01]\n",
      " [9.12106511e-01 7.78867877e-02 1.00067017e-02]\n",
      " [1.11256692e-01 9.84535559e-04 8.87758772e-01]\n",
      " [6.37611334e-01 4.35207386e-03 3.58036592e-01]\n",
      " [6.91175259e-01 3.04774361e-01 4.05038034e-03]\n",
      " [1.18898345e-03 1.47568630e-02 9.84054154e-01]\n",
      " [8.93874955e-03 9.82382684e-01 8.67856679e-03]\n",
      " [5.79121619e-01 2.01289508e-03 4.18865486e-01]\n",
      " [3.86071971e-03 9.92347234e-01 3.79204646e-03]\n",
      " [7.86285511e-02 4.89568015e-04 9.20881881e-01]\n",
      " [9.20668287e-01 1.30593096e-02 6.62724036e-02]\n",
      " [7.04499645e-02 5.10562049e-01 4.18987986e-01]\n",
      " [1.46456060e-01 1.06641329e-01 7.46902610e-01]\n",
      " [8.59792824e-01 1.37139974e-01 3.06720274e-03]\n",
      " [2.36636865e-03 9.95362165e-01 2.27146596e-03]\n",
      " [9.05613073e-01 3.73435638e-02 5.70433630e-02]\n",
      " [5.47942973e-02 4.22986361e-01 5.22219342e-01]\n",
      " [8.73018442e-01 1.24449574e-01 2.53198344e-03]\n",
      " [1.23637647e-03 3.08598159e-01 6.90165464e-01]\n",
      " [3.40930384e-03 6.26249509e-04 9.95964447e-01]\n",
      " [5.44476434e-01 4.52002882e-01 3.52068465e-03]\n",
      " [1.36239477e-01 3.76637434e-03 8.59994149e-01]\n",
      " [5.43027820e-01 4.54455056e-01 2.51712475e-03]\n",
      " [1.25343931e-03 1.31868306e-03 9.97427878e-01]\n",
      " [2.03370570e-01 7.90815822e-01 5.81360856e-03]\n",
      " [8.31617358e-04 6.11652504e-01 3.87515878e-01]\n",
      " [5.17153846e-03 9.90034805e-01 4.79365680e-03]\n",
      " [1.48043535e-01 2.85971207e-01 5.65985257e-01]\n",
      " [8.03197289e-01 3.37140663e-04 1.96465570e-01]\n",
      " [9.91509860e-01 4.41946928e-03 4.07067113e-03]\n",
      " [9.20838407e-01 3.87925146e-02 4.03690788e-02]\n",
      " [1.35484339e-03 8.11594226e-01 1.87050931e-01]\n",
      " [1.47749724e-03 1.54241696e-03 9.96980086e-01]\n",
      " [7.23386009e-01 2.73925525e-01 2.68846583e-03]\n",
      " [8.96764958e-01 3.32369450e-03 9.99113472e-02]\n",
      " [9.06981213e-01 4.32488136e-02 4.97699730e-02]\n",
      " [1.68633866e-03 2.60676684e-01 7.37636977e-01]\n",
      " [9.97276363e-01 1.40094338e-03 1.32269379e-03]\n",
      " [8.97493355e-01 1.02318150e-01 1.88494692e-04]\n",
      " [9.91351230e-01 4.15912532e-03 4.48964429e-03]\n",
      " [1.65445724e-01 6.31199203e-01 2.03355072e-01]\n",
      " [2.80605840e-01 1.98681067e-01 5.20713093e-01]\n",
      " [6.23881755e-01 3.75875320e-01 2.42924700e-04]\n",
      " [2.30448627e-01 7.69321933e-01 2.29439470e-04]\n",
      " [5.07352973e-01 4.48694564e-01 4.39524626e-02]\n",
      " [9.61187292e-01 2.02237589e-02 1.85889491e-02]\n",
      " [2.96479401e-02 9.42516280e-01 2.78357799e-02]\n",
      " [9.93261700e-01 3.58668154e-03 3.15161804e-03]\n",
      " [9.86906945e-01 6.70845805e-03 6.38459688e-03]\n",
      " [2.43429898e-03 9.25168423e-01 7.23972782e-02]\n",
      " [2.97254997e-01 6.73417651e-01 2.93273518e-02]\n",
      " [8.53458708e-01 1.45961811e-01 5.79481480e-04]\n",
      " [2.16439157e-01 7.38076650e-01 4.54841930e-02]\n",
      " [9.29608093e-01 3.70224336e-02 3.33694735e-02]\n",
      " [9.99268015e-01 3.74691847e-04 3.57293624e-04]\n",
      " [2.98926933e-01 5.91726568e-01 1.09346499e-01]\n",
      " [8.94063712e-03 9.83137174e-01 7.92218913e-03]\n",
      " [4.78134603e-01 2.69595736e-02 4.94905824e-01]\n",
      " [6.67083105e-01 1.91949777e-01 1.40967118e-01]\n",
      " [6.79601695e-01 3.20071758e-01 3.26546996e-04]\n",
      " [7.18889007e-01 2.78487632e-01 2.62336142e-03]\n",
      " [2.55169585e-03 9.32672794e-01 6.47755101e-02]\n",
      " [9.42000849e-01 5.03850714e-03 5.29606443e-02]\n",
      " [2.67804331e-02 9.49903069e-01 2.33164976e-02]\n",
      " [7.21188228e-01 2.45940639e-01 3.28711334e-02]\n",
      " [1.43577185e-03 9.97265558e-01 1.29867057e-03]\n",
      " [6.66852226e-01 1.98221160e-01 1.34926614e-01]\n",
      " [2.93282297e-01 6.80517138e-01 2.62005649e-02]\n",
      " [7.28040982e-01 2.66060736e-01 5.89828158e-03]\n",
      " [9.20087207e-04 8.48445638e-01 1.50634274e-01]\n",
      " [9.33837120e-01 6.36312550e-02 2.53162523e-03]\n",
      " [8.54999563e-01 1.40605450e-01 4.39498673e-03]\n",
      " [6.76752641e-01 3.08831018e-01 1.44163410e-02]\n",
      " [1.28631632e-03 9.97378326e-01 1.33535751e-03]\n",
      " [9.93398575e-01 3.37227736e-03 3.22914743e-03]\n",
      " [1.13248469e-03 9.97743901e-01 1.12361412e-03]\n",
      " [7.74189230e-01 2.25131673e-01 6.79096927e-04]\n",
      " [4.75748510e-01 5.19142338e-01 5.10915263e-03]\n",
      " [9.91100425e-01 4.36208514e-03 4.53748937e-03]\n",
      " [1.11530211e-03 9.97825987e-01 1.05871073e-03]\n",
      " [9.46646869e-01 3.78833168e-03 4.95647995e-02]\n",
      " [1.94952239e-03 9.47809792e-01 5.02406854e-02]\n",
      " [5.65585050e-01 3.93924349e-01 4.04906011e-02]\n",
      " [9.73815930e-01 1.80954918e-02 8.08857861e-03]\n",
      " [5.78000516e-01 4.21716826e-01 2.82657704e-04]\n",
      " [9.63702713e-02 9.02386353e-01 1.24337523e-03]\n",
      " [7.42701471e-01 2.54550884e-01 2.74764522e-03]\n",
      " [7.29003373e-03 9.85923854e-01 6.78611182e-03]\n",
      " [6.78701589e-01 3.17494926e-01 3.80348593e-03]]\n"
     ]
    }
   ],
   "source": [
    "topic_values = lda_tf.transform(dtm_tf)\n",
    "topic_values.shape\n",
    "print(topic_values)"
   ]
  },
  {
   "cell_type": "markdown",
   "metadata": {},
   "source": [
    "# <font color='red'>pyLDAvis visualization</font> "
   ]
  },
  {
   "cell_type": "code",
   "execution_count": 8,
   "metadata": {},
   "outputs": [
    {
     "name": "stderr",
     "output_type": "stream",
     "text": [
      "c:\\python37\\lib\\site-packages\\pyLDAvis\\_prepare.py:247: FutureWarning: In a future version of pandas all arguments of DataFrame.drop except for the argument 'labels' will be keyword-only\n",
      "  by='saliency', ascending=False).head(R).drop('saliency', 1)\n"
     ]
    },
    {
     "data": {
      "text/html": [
       "\n",
       "<link rel=\"stylesheet\" type=\"text/css\" href=\"https://cdn.jsdelivr.net/gh/bmabey/pyLDAvis@3.3.1/pyLDAvis/js/ldavis.v1.0.0.css\">\n",
       "\n",
       "\n",
       "<div id=\"ldavis_el2275225428506404162601090178\"></div>\n",
       "<script type=\"text/javascript\">\n",
       "\n",
       "var ldavis_el2275225428506404162601090178_data = {\"mdsDat\": {\"x\": [-0.03771163965145524, -0.07015083831232315, 0.1078624779637783], \"y\": [0.05911614535267869, -0.04834346596398659, -0.01077267938869212], \"topics\": [1, 2, 3], \"cluster\": [1, 1, 1], \"Freq\": [57.246785044646856, 29.150772258970587, 13.602442696382571]}, \"tinfo\": {\"Term\": [\"\\u5169\\u5cb8\", \"\\u592a\\u5e73\\u5cf6\", \"\\u5169\\u5cb8\\u95dc\", \"\\u9678\\u59d4\\u6703\", \"\\u5ddd\\u7fd2\\u6703\", \"\\u7e3d\\u7d71\", \"\\u6f14\\u7fd2\", \"\\u5357\\u6d77\", \"\\u5831\\u5c0e\", \"\\u5a92\\u9ad4\", \"\\u570b\\u9632\\u90e8\", \"\\u5b98\\u54e1\", \"\\u65b0\\u805e\", \"\\u8ecd\\u6f14\", \"\\u6d77\\u5cfd\", \"\\u5927\\u9678\", \"\\u4e2d\\u570b\\u5927\\u9678\", \"\\u6d88\\u606f\", \"\\u7279\\u5225\", \"\\u8abf\\u67e5\", \"\\u8ecd\\u8266\", \"\\u5047\\u65b0\\u805e\", \"\\u4e3b\\u6b0a\", \"\\u8cea\\u8a62\", \"\\u98df\\u54c1\", \"\\u63d0\\u9192\", \"\\u60c5\\u8cc7\", \"\\u8521\\u82f1\\u6587\", \"\\u5de1\\u7f72\", \"\\u4e00\\u76f4\", \"\\u5370\\u592a\\u6230\\u7565\", \"\\u53ef\\u80fd\\u6027\", \"\\u8d8a\\u5357\", \"\\u53f8\\u9577\", \"\\u6574\\u5408\", \"\\u5916\\u9928\", \"\\u660e\\u5c3c\\u52a0\", \"\\u53cd\\u61c9\", \"\\u52d5\\u4f5c\", \"\\u97d3\\u570b\", \"\\u6c92\\u932f\", \"\\u5be6\\u529b\", \"\\u7d50\\u8ad6\", \"\\u540d\\u7a31\", \"\\u8cbf\\u6613\\u6230\", \"\\u8a13\\u7df4\", \"\\u529b\\u91cf\", \"\\u7c21\\u55ae\", \"\\u6587\\u5316\", \"\\u4e0a\\u6b21\", \"\\u4e2d\\u83ef\\u4eba\\u6c11\\u5171\\u548c\", \"\\u65b9\\u5411\", \"\\u77ad\\u89e3\", \"\\u4e3b\\u5c0e\", \"\\u78ba\\u8a8d\", \"\\u516c\\u53f8\", \"\\u8ad6\\u8ff0\", \"\\u6fb3\\u6d32\", \"\\u8ecd\\u4e8b\", \"\\u4e2d\\u570b\", \"\\u5916\\u4ea4\\u90e8\", \"\\u4ea4\\u570b\", \"\\u53f0\\u7f8e\", \"\\u53f0\\u7063\", \"\\u5916\\u4ea4\", \"\\u65e5\\u672c\", \"\\u7f8e\\u570b\", \"\\u570b\\u5bb6\", \"\\u5408\\u4f5c\", \"\\u570b\\u969b\", \"\\u76ee\\u6a19\", \"\\u6295\\u8cc7\", \"\\u4ea4\\u90e8\", \"\\u5831\\u544a\", \"\\u7d44\\u7e54\", \"\\u806f\\u5408\\u570b\", \"\\u4f01\\u696d\", \"\\u4e2d\\u83ef\\u6c11\\u570b\", \"\\u614b\\u5ea6\", \"\\u9810\\u7b97\", \"\\u65b0\\u5357\", \"\\u653f\\u7b56\", \"\\u8cbf\\u6613\", \"\\u5a92\\u9ad4\", \"\\u8ac7\\u5224\", \"\\u5b98\\u54e1\", \"\\u8a08\\u756b\", \"\\u7e3d\\u7d71\", \"\\u652f\\u6301\", \"\\u56de\\u7b54\", \"\\u8b70\\u984c\", \"\\u7279\\u5225\", \"\\u5169\\u5cb8\", \"\\u98df\\u54c1\", \"\\u5169\\u5cb8\\u95dc\", \"\\u5065\\u5eb7\", \"\\u689d\\u4f8b\", \"\\u8b49\\u6703\", \"\\u58d3\\u529b\", \"\\u6a19\\u6e96\", \"\\u9678\\u59d4\\u6703\", \"\\u5354\\u5546\", \"\\u674e\\u660e\\u54f2\", \"\\u5ddd\\u7fd2\\u6703\", \"\\u4e0d\\u8db3\", \"\\u73fe\\u72c0\", \"\\u7c21\\u5831\", \"\\u8521\\u7e3d\\u7d71\", \"\\u5e7e\\u4e4e\", \"\\u53ec\\u958b\", \"\\u7f8e\\u95dc\", \"\\u674e\\u660e\", \"\\u5be9\\u67e5\", \"\\u76f8\\u7576\", \"\\u6574\\u9ad4\", \"\\u8f9b\\u82e6\", \"\\u5927\\u9678\", \"\\u72c0\\u614b\", \"\\u7d93\\u8cbf\", \"\\u4e2d\\u7f8e\", \"\\u5c08\\u5bb6\", \"\\u8521\\u82f1\\u6587\", \"\\u4e2d\\u570b\\u5927\\u9678\", \"\\u884c\\u653f\\u9662\", \"\\u76e3\\u7763\", \"\\u5354\\u8b70\", \"\\u767c\\u5c55\", \"\\u7d93\\u6fdf\", \"\\u539f\\u5247\", \"\\u5fc5\\u9808\", \"\\u8b70\\u984c\", \"\\u653f\\u7b56\", \"\\u5b98\\u54e1\", \"\\u6e9d\\u901a\", \"\\u53f0\\u7063\", \"\\u7e3d\\u7d71\", \"\\u570b\\u969b\", \"\\u7f8e\\u570b\", \"\\u5b8c\\u5168\", \"\\u5831\\u544a\", \"\\u6a5f\\u6703\", \"\\u9032\\u884c\", \"\\u570b\\u5bb6\", \"\\u7279\\u5225\", \"\\u5916\\u4ea4\\u90e8\", \"\\u4e2d\\u570b\", \"\\u60c5\\u8cc7\", \"\\u592a\\u5e73\\u5cf6\", \"\\u6d77\\u5cfd\", \"\\u8ecd\\u6f14\", \"\\u6f14\\u7fd2\", \"\\u5357\\u6d77\", \"\\u5047\\u65b0\\u805e\", \"\\u4e0a\\u500b\", \"\\u5de1\\u7f72\", \"\\u8ecd\\u8266\", \"\\u5de5\\u696d\", \"\\u8a55\\u8ad6\", \"\\u661f\\u671f\", \"\\u4e3b\\u6b0a\", \"\\u7b2c\\u6848\", \"\\u53f0\\u6d77\", \"\\u8abf\\u67e5\", \"\\u6d88\\u606f\", \"\\u6392\\u9664\", \"\\u7db2\\u8def\", \"\\u516c\\u5e03\", \"\\u570b\\u9632\\u90e8\", \"\\u4fdd\\u8b49\", \"\\u6628\\u5929\", \"\\u9632\\u90e8\", \"\\u65b0\\u805e\", \"\\u5ba3\\u793a\", \"\\u53f0\\u5546\", \"\\u4fdd\\u969c\", \"\\u8209\\u884c\", \"\\u5b89\\u5168\", \"\\u5831\\u5c0e\", \"\\u8cea\\u8a62\", \"\\u7e3d\\u7d71\", \"\\u5927\\u9678\", \"\\u5a92\\u9ad4\", \"\\u4ee5\\u524d\", \"\\u570b\\u4eba\", \"\\u7279\\u5225\", \"\\u5b98\\u54e1\", \"\\u63d0\\u9192\", \"\\u95dc\\u5fc3\", \"\\u7576\\u4e2d\", \"\\u570b\\u5bb6\", \"\\u4e00\\u76f4\", \"\\u53f0\\u7063\", \"\\u7f8e\\u570b\", \"\\u5831\\u544a\", \"\\u4e2d\\u570b\\u5927\\u9678\", \"\\u56de\\u7b54\"], \"Freq\": [212.0, 69.0, 127.0, 171.0, 163.0, 247.0, 62.0, 64.0, 104.0, 176.0, 72.0, 258.0, 71.0, 37.0, 37.0, 72.0, 109.0, 54.0, 163.0, 53.0, 41.0, 33.0, 54.0, 80.0, 49.0, 106.0, 26.0, 55.0, 28.0, 126.0, 33.51553678329252, 33.51069861339647, 31.45517858126167, 30.468743433206647, 26.471308933856584, 26.433585863109077, 24.437668229126867, 25.41080011362961, 25.370120114274496, 54.55731506256789, 25.159071428903154, 31.839646915650423, 24.93274718172946, 43.1033469962295, 37.958072433929104, 29.899181487075797, 28.668770288948, 46.03732198031362, 23.902958413341832, 27.53162311451298, 24.7477792055362, 32.955335417894915, 83.96783096366777, 23.67075796849467, 26.24158027081417, 36.10915046051304, 34.19301267521068, 38.578433307587595, 70.72132527019491, 451.21980952082384, 325.9557622606488, 83.55999962924564, 106.32022594067516, 546.777851376188, 116.67794646088147, 148.34014786670562, 352.023172313108, 307.3634719651367, 106.19531155387583, 232.6962884629248, 57.8359858328869, 82.60944257102425, 68.95550636071451, 190.04858248072225, 135.10899401386447, 70.50185121224906, 51.85018316524435, 76.5015778320587, 70.8721344328676, 71.26688390890646, 77.5031550540921, 127.14094721480691, 74.51472463132951, 109.93843652725478, 67.23849324315412, 125.37061925780888, 73.99153864086875, 110.2719917478981, 77.30918531310432, 74.00120877291336, 78.65825280690957, 77.43089816795205, 207.1881485718684, 47.671113205375214, 120.08883663641384, 23.115390603965952, 45.629715351811186, 34.17258175894928, 30.46182191148071, 36.31233596715841, 140.13270842950533, 27.892125529773267, 20.22937617761283, 123.42762041961629, 20.016250672211324, 23.991647542078788, 17.0522440967401, 47.9859522834112, 29.389576802219533, 41.16191239157645, 21.516696733582577, 24.072324547151027, 23.04943353412238, 25.114278238313055, 31.39959211498498, 34.86808608349213, 46.448372341647584, 15.362527436438986, 48.71227269589029, 19.219951987624594, 15.583373654023102, 34.01949089176535, 65.9586112092913, 37.873701443371736, 30.637141856014345, 44.48724528423, 64.1646381405731, 61.21024339749352, 42.37315740605771, 49.33724857994055, 68.07368946014662, 82.99179147437293, 84.76887400760906, 49.15314192695501, 140.7482010350012, 72.3602381932476, 77.48490609584093, 90.7520887745088, 46.26000430517269, 63.49753545172486, 45.47515818238943, 45.65046168585145, 61.22079831217206, 48.53633838611766, 51.52720567874796, 48.09533941521251, 25.399595843904816, 67.40724917531847, 34.317942203710075, 34.26956114844764, 54.85795922351499, 53.89492088622801, 28.219294434014977, 22.908322925541302, 22.871468356275965, 27.83878188096776, 16.528499164330313, 17.50814809876703, 15.0560369683348, 27.52018805081407, 16.622296967551716, 13.678248485172723, 25.78874515683922, 26.184629740725455, 13.210141817629806, 14.456609063864663, 13.431854720710461, 33.07657382499324, 14.389806691692485, 19.308712615054617, 14.575883724796578, 30.672047250426015, 11.881434191616217, 19.471539748614614, 10.137290552036562, 17.69762974855972, 22.295758365875503, 39.53554999350867, 28.234227818969025, 64.77801925530433, 25.46077152362751, 44.38875798820556, 21.500844631730914, 24.052487615273336, 37.520387779168246, 48.29202332841691, 29.01804292046502, 23.49980848155977, 22.695294298241322, 40.5268053261646, 27.19449002990595, 45.57626448396982, 30.382535328198813, 27.202249230072784, 24.100148535297613, 24.078844771938375], \"Total\": [212.0, 69.0, 127.0, 171.0, 163.0, 247.0, 62.0, 64.0, 104.0, 176.0, 72.0, 258.0, 71.0, 37.0, 37.0, 72.0, 109.0, 54.0, 163.0, 53.0, 41.0, 33.0, 54.0, 80.0, 49.0, 106.0, 26.0, 55.0, 28.0, 126.0, 34.17713718192027, 34.17669417367561, 32.16260968488674, 31.156930135813788, 27.133391553671302, 27.13130496965197, 25.12011114659679, 26.124497620020907, 26.123091182551878, 56.25104056110249, 26.110252133989675, 33.13385276160575, 26.097011944666107, 45.16133144549873, 40.14889795580389, 32.09872642951632, 31.05521426894098, 50.07177225540732, 26.043707411945537, 30.041504930169552, 27.034710956487228, 36.0428478825517, 92.09584768963101, 26.036021404180612, 29.017654669797167, 40.02112095898353, 38.036571482461326, 43.00509011261478, 79.1241398728775, 507.87148441776156, 384.9522602357089, 95.08093654981808, 124.67821538282224, 733.102316895159, 141.43285660356264, 184.19747583978977, 473.1577964158156, 409.11107560347335, 133.29916217175133, 323.75050177534524, 67.88339213438516, 104.3774876212969, 84.62425595226048, 280.74836716251986, 188.26398158943948, 88.63738913348836, 61.92172781883983, 101.3929393124428, 92.42646301993426, 94.3933320522786, 108.07830511071607, 212.21865980091368, 102.9286617528126, 176.84614331451382, 93.97534046104835, 258.43151659383483, 112.44914418197502, 247.41024919645002, 123.37337380887445, 127.96433988545624, 156.44909458919855, 163.48762433323796, 212.65693148407254, 49.41756086904105, 127.35790849328282, 25.74112987494784, 52.44317337683591, 40.173615899256994, 36.19211134541786, 43.81527672771077, 171.9844020709698, 34.44240715177242, 25.9263026096303, 163.55569695635543, 26.835030160611762, 32.742209423531826, 24.106581641077454, 68.45410392338707, 42.476723546599075, 60.719848597399874, 31.88101395502086, 36.76215736323061, 35.32749772918131, 38.6419714081319, 48.39098040051438, 54.04885834758456, 72.56526352439879, 24.19993636739308, 77.49651057252495, 31.016764565640486, 25.200849142841538, 55.454056536172004, 109.67618338445399, 64.62697258497866, 51.443111490177095, 79.66601054678928, 123.72979533406897, 128.90587195820513, 79.87733716996688, 98.75619760200705, 156.44909458919855, 212.21865980091368, 258.43151659383483, 108.44006717053907, 733.102316895159, 247.41024919645002, 323.75050177534524, 473.1577964158156, 113.58048069576371, 280.74836716251986, 112.65588031023654, 118.19372023450455, 409.11107560347335, 163.48762433323796, 384.9522602357089, 507.87148441776156, 26.061308763732946, 69.54256753908182, 37.71267305962657, 37.74581263579783, 62.98486776974455, 64.02744516260945, 33.99022934580759, 28.086793886328316, 28.180761682857, 41.049918609110435, 28.45320410249426, 31.35678642986058, 27.987695020393616, 54.558021953234295, 33.47934931139159, 27.56898569597967, 53.21163905176257, 54.194186649949685, 27.516802127373147, 30.390982702750676, 28.582153528248107, 72.9085566147605, 32.497188336813736, 44.14789656648563, 33.56730269481883, 71.08181656345496, 27.597964421804186, 46.00049682362249, 24.29401183676002, 42.7347698738056, 54.532962027846125, 104.45889026292753, 80.31908523973598, 247.41024919645002, 72.56526352439879, 176.84614331451382, 58.6755717797849, 74.07813096633285, 163.48762433323796, 258.43151659383483, 106.62789909318113, 71.4357210308259, 67.1852004005118, 409.11107560347335, 126.00287187259056, 733.102316895159, 473.1577964158156, 280.74836716251986, 109.67618338445399, 127.96433988545624], \"Category\": [\"Default\", \"Default\", \"Default\", \"Default\", \"Default\", \"Default\", \"Default\", \"Default\", \"Default\", \"Default\", \"Default\", \"Default\", \"Default\", \"Default\", \"Default\", \"Default\", \"Default\", \"Default\", \"Default\", \"Default\", \"Default\", \"Default\", \"Default\", \"Default\", \"Default\", \"Default\", \"Default\", \"Default\", \"Default\", \"Default\", \"Topic1\", \"Topic1\", \"Topic1\", \"Topic1\", \"Topic1\", \"Topic1\", \"Topic1\", \"Topic1\", \"Topic1\", \"Topic1\", \"Topic1\", \"Topic1\", \"Topic1\", \"Topic1\", \"Topic1\", \"Topic1\", \"Topic1\", \"Topic1\", \"Topic1\", \"Topic1\", \"Topic1\", \"Topic1\", \"Topic1\", \"Topic1\", \"Topic1\", \"Topic1\", \"Topic1\", \"Topic1\", \"Topic1\", \"Topic1\", \"Topic1\", \"Topic1\", \"Topic1\", \"Topic1\", \"Topic1\", \"Topic1\", \"Topic1\", \"Topic1\", \"Topic1\", \"Topic1\", \"Topic1\", \"Topic1\", \"Topic1\", \"Topic1\", \"Topic1\", \"Topic1\", \"Topic1\", \"Topic1\", \"Topic1\", \"Topic1\", \"Topic1\", \"Topic1\", \"Topic1\", \"Topic1\", \"Topic1\", \"Topic1\", \"Topic1\", \"Topic1\", \"Topic1\", \"Topic1\", \"Topic1\", \"Topic1\", \"Topic2\", \"Topic2\", \"Topic2\", \"Topic2\", \"Topic2\", \"Topic2\", \"Topic2\", \"Topic2\", \"Topic2\", \"Topic2\", \"Topic2\", \"Topic2\", \"Topic2\", \"Topic2\", \"Topic2\", \"Topic2\", \"Topic2\", \"Topic2\", \"Topic2\", \"Topic2\", \"Topic2\", \"Topic2\", \"Topic2\", \"Topic2\", \"Topic2\", \"Topic2\", \"Topic2\", \"Topic2\", \"Topic2\", \"Topic2\", \"Topic2\", \"Topic2\", \"Topic2\", \"Topic2\", \"Topic2\", \"Topic2\", \"Topic2\", \"Topic2\", \"Topic2\", \"Topic2\", \"Topic2\", \"Topic2\", \"Topic2\", \"Topic2\", \"Topic2\", \"Topic2\", \"Topic2\", \"Topic2\", \"Topic2\", \"Topic2\", \"Topic2\", \"Topic2\", \"Topic2\", \"Topic2\", \"Topic3\", \"Topic3\", \"Topic3\", \"Topic3\", \"Topic3\", \"Topic3\", \"Topic3\", \"Topic3\", \"Topic3\", \"Topic3\", \"Topic3\", \"Topic3\", \"Topic3\", \"Topic3\", \"Topic3\", \"Topic3\", \"Topic3\", \"Topic3\", \"Topic3\", \"Topic3\", \"Topic3\", \"Topic3\", \"Topic3\", \"Topic3\", \"Topic3\", \"Topic3\", \"Topic3\", \"Topic3\", \"Topic3\", \"Topic3\", \"Topic3\", \"Topic3\", \"Topic3\", \"Topic3\", \"Topic3\", \"Topic3\", \"Topic3\", \"Topic3\", \"Topic3\", \"Topic3\", \"Topic3\", \"Topic3\", \"Topic3\", \"Topic3\", \"Topic3\", \"Topic3\", \"Topic3\", \"Topic3\", \"Topic3\", \"Topic3\"], \"logprob\": [30.0, 29.0, 28.0, 27.0, 26.0, 25.0, 24.0, 23.0, 22.0, 21.0, 20.0, 19.0, 18.0, 17.0, 16.0, 15.0, 14.0, 13.0, 12.0, 11.0, 10.0, 9.0, 8.0, 7.0, 6.0, 5.0, 4.0, 3.0, 2.0, 1.0, -6.2085, -6.2087, -6.272, -6.3039, -6.4445, -6.4459, -6.5244, -6.4854, -6.487, -5.7213, -6.4953, -6.2598, -6.5044, -5.957, -6.0841, -6.3227, -6.3647, -5.8911, -6.5466, -6.4052, -6.5118, -6.2254, -5.2901, -6.5563, -6.4532, -6.134, -6.1885, -6.0679, -5.4618, -3.6086, -3.9338, -5.295, -5.0541, -3.4165, -4.9611, -4.721, -3.8569, -3.9925, -5.0553, -4.2708, -5.6629, -5.3064, -5.4871, -4.4733, -4.8145, -5.4649, -5.7722, -5.3832, -5.4597, -5.4541, -5.3702, -4.8753, -5.4096, -5.0206, -5.5123, -4.8893, -5.4166, -5.0176, -5.3727, -5.4165, -5.3554, -5.3712, -3.712, -5.1813, -4.2574, -5.9052, -5.2251, -5.5142, -5.6292, -5.4535, -4.1031, -5.7173, -6.0385, -4.23, -6.0491, -5.868, -6.2094, -5.1748, -5.665, -5.3282, -5.9768, -5.8646, -5.908, -5.8222, -5.5989, -5.4941, -5.2073, -6.3137, -5.1597, -6.0897, -6.2995, -5.5187, -4.8566, -5.4114, -5.6235, -5.2505, -4.8842, -4.9314, -5.2992, -5.147, -4.8251, -4.6269, -4.6057, -5.1507, -4.0987, -4.764, -4.6956, -4.5375, -5.2114, -4.8947, -5.2285, -5.2247, -4.9312, -5.1634, -5.1036, -5.1725, -5.0487, -4.0727, -4.7478, -4.7492, -4.2787, -4.2964, -4.9434, -5.1519, -5.1535, -4.957, -5.4783, -5.4208, -5.5717, -4.9685, -5.4727, -5.6676, -5.0335, -5.0183, -5.7025, -5.6123, -5.6858, -4.7846, -5.6169, -5.3229, -5.6041, -4.8601, -5.8085, -5.3145, -5.9672, -5.41, -5.179, -4.6062, -4.9429, -4.1125, -5.0463, -4.4904, -5.2153, -5.1032, -4.6586, -4.4062, -4.9155, -5.1264, -5.1613, -4.5815, -4.9804, -4.464, -4.8696, -4.9801, -5.1012, -5.1021], \"loglift\": [30.0, 29.0, 28.0, 27.0, 26.0, 25.0, 24.0, 23.0, 22.0, 21.0, 20.0, 19.0, 18.0, 17.0, 16.0, 15.0, 14.0, 13.0, 12.0, 11.0, 10.0, 9.0, 8.0, 7.0, 6.0, 5.0, 4.0, 3.0, 2.0, 1.0, 0.5383, 0.5381, 0.5356, 0.5355, 0.5331, 0.5317, 0.5303, 0.5301, 0.5286, 0.5272, 0.5207, 0.518, 0.5122, 0.5112, 0.5017, 0.4868, 0.4778, 0.4738, 0.472, 0.4706, 0.4694, 0.4682, 0.4654, 0.4626, 0.4572, 0.4549, 0.4513, 0.4492, 0.4455, 0.4395, 0.3914, 0.4286, 0.3985, 0.2646, 0.3654, 0.3413, 0.2621, 0.2718, 0.3305, 0.2276, 0.3976, 0.3239, 0.353, 0.1676, 0.226, 0.3289, 0.3803, 0.2761, 0.2923, 0.2768, 0.2253, 0.0455, 0.2348, 0.0824, 0.223, -0.1656, 0.1392, -0.2503, 0.0904, 0.0101, -0.1298, -0.1896, 1.2066, 1.1967, 1.1739, 1.1251, 1.0935, 1.0709, 1.0603, 1.0449, 1.0279, 1.0217, 0.9846, 0.9512, 0.9395, 0.9217, 0.8865, 0.8774, 0.8644, 0.8439, 0.8395, 0.8093, 0.8057, 0.8018, 0.8002, 0.7944, 0.7865, 0.7783, 0.7684, 0.7541, 0.752, 0.7441, 0.7242, 0.6983, 0.7144, 0.65, 0.576, 0.4879, 0.5987, 0.5387, 0.4005, 0.2938, 0.118, 0.4414, -0.4176, 0.0033, -0.1972, -0.4186, 0.3345, -0.2538, 0.3255, 0.2814, -0.6668, 0.0183, -0.7783, -1.1244, 1.9692, 1.9637, 1.9006, 1.8983, 1.8568, 1.8226, 1.8089, 1.7911, 1.7862, 1.6066, 1.4517, 1.4122, 1.3749, 1.3106, 1.2947, 1.294, 1.2706, 1.2675, 1.2611, 1.2519, 1.2398, 1.2045, 1.1803, 1.1679, 1.1607, 1.1544, 1.1522, 1.1352, 1.1209, 1.1133, 1.1005, 1.0233, 0.9494, 0.6548, 0.9476, 0.6126, 0.991, 0.87, 0.5231, 0.3176, 0.6935, 0.8831, 0.9096, -0.3171, 0.4616, -0.783, -0.7506, -0.3392, 0.4796, 0.3245]}, \"token.table\": {\"Topic\": [1, 2, 3, 1, 2, 3, 1, 2, 1, 2, 3, 1, 2, 3, 1, 2, 3, 1, 2, 1, 2, 1, 2, 3, 1, 2, 3, 1, 2, 3, 1, 2, 3, 1, 2, 3, 1, 2, 3, 1, 2, 3, 1, 2, 3, 1, 2, 3, 1, 3, 1, 2, 3, 1, 2, 3, 1, 2, 3, 1, 2, 3, 1, 3, 1, 2, 1, 1, 2, 3, 1, 2, 3, 1, 2, 3, 1, 1, 2, 3, 1, 1, 2, 3, 1, 1, 2, 3, 1, 3, 1, 2, 3, 1, 2, 3, 1, 1, 2, 3, 1, 2, 1, 2, 3, 1, 2, 3, 1, 2, 3, 1, 2, 3, 1, 2, 3, 1, 2, 3, 1, 2, 3, 1, 2, 3, 1, 2, 3, 1, 2, 3, 1, 1, 2, 3, 1, 3, 1, 2, 3, 1, 2, 3, 1, 2, 3, 1, 2, 3, 1, 2, 3, 1, 2, 2, 3, 1, 2, 1, 2, 1, 3, 1, 3, 1, 2, 1, 2, 3, 3, 1, 2, 3, 1, 2, 3, 1, 2, 3, 1, 2, 3, 1, 2, 3, 1, 2, 3, 1, 1, 2, 1, 2, 3, 1, 2, 3, 1, 2, 3, 1, 2, 1, 2, 3, 1, 1, 2, 3, 1, 2, 3, 1, 2, 1, 2, 1, 2, 3, 1, 2, 3, 1, 2, 3, 1, 2, 1, 2, 3, 1, 3, 1, 2, 3, 1, 2, 3, 1, 2, 1, 2, 3, 1, 2, 3, 1, 2, 1, 2, 3, 1, 2, 3, 1, 2, 3, 1, 2, 3, 1, 2, 3, 1, 2, 3, 1, 2, 1, 3, 1, 2, 1, 2, 1, 2, 3, 1, 2, 1, 2, 3, 1, 2, 3, 1, 2, 3, 1, 2, 3, 1, 2, 3, 1, 2, 1, 2, 3, 1, 2, 3, 1, 2, 3, 1, 2, 3, 1, 2, 3, 1, 2, 3, 1, 3, 1, 2, 3, 1, 3, 1, 2, 1, 2, 3, 1, 2, 1, 2, 3, 1, 2, 1, 3, 1, 2, 3, 1, 1, 3, 1, 3, 1, 3, 1, 2, 3, 1, 2, 3, 1, 2, 3, 1, 3, 1, 2, 3, 1, 2, 1, 2, 3, 1, 2], \"Freq\": [0.43649798756661645, 0.3412620630066274, 0.21428083025997535, 0.1068117639963277, 0.07120784266421848, 0.8188901906385124, 0.932043852832441, 0.06657456091660292, 0.14905889712287962, 0.745294485614398, 0.1117941728421597, 0.8880199299179778, 0.09451209897131471, 0.01772101855712151, 0.18235499616076986, 0.6017714873305405, 0.21882599539292386, 0.3546469193045846, 0.6125719515261007, 0.9247370922603121, 0.07397896738082498, 0.7594217163655168, 0.0986261969305866, 0.1479392953958799, 0.9217998259959301, 0.03840832608316375, 0.03840832608316375, 0.3115948744360995, 0.1832911026094703, 0.5132150873065168, 0.8834578523107819, 0.010517355384652165, 0.11569090923117381, 0.8153690596573792, 0.15362025761660766, 0.035450828680755615, 0.4090288219103228, 0.22155727853475818, 0.3749430867511292, 0.8397698486730353, 0.03229884033357828, 0.1291953613343131, 0.5231221797961493, 0.0615437858583705, 0.4308065010085935, 0.2881368481679952, 0.2881368481679952, 0.4116240688114217, 0.147101096292447, 0.8237661392377031, 0.07769666715160274, 0.8935116722434315, 0.03884833357580137, 0.009404819236516608, 0.973398790979469, 0.018809638473033217, 0.023555663213158277, 0.942226528526331, 0.0314075509508777, 0.8995250292188303, 0.07496041910156918, 0.02498680636718973, 0.5248030028659425, 0.4548292691504835, 0.9338206379404554, 0.06440142330623831, 0.9570077226043596, 0.11613590137221748, 0.8129513096055224, 0.05806795068610874, 0.40167694830414313, 0.5523058039181968, 0.03765721390351342, 0.14056472153687918, 0.015618302392986576, 0.8433883292212752, 0.9948170854399713, 0.4506910379773609, 0.5258062109735877, 0.012519195499371135, 0.9569562011726828, 0.24703618909620148, 0.6752322501962841, 0.06587631709232039, 0.9948299805482151, 0.41303901722737457, 0.17391116514836824, 0.41303901722737457, 0.5078170141762449, 0.5078170141762449, 0.7461441430394858, 0.192333316578734, 0.06274703945121819, 0.8501886209593944, 0.13635100524820476, 0.008020647367541456, 0.962867646755611, 0.7952037977809845, 0.15754037503208182, 0.04501153572345195, 0.9521419901424506, 0.044285673960113986, 0.5782861074127297, 0.2344403138159715, 0.1875522510527772, 0.37797929881256703, 0.2969837347813027, 0.3239822561250575, 0.7504074524190016, 0.1491037609041013, 0.10021728191915005, 0.5212008269589967, 0.02743162247152614, 0.45262177078018134, 0.7196900042542074, 0.23783746921705567, 0.04324317622128285, 0.6767626181420056, 0.2244002365418229, 0.09617152994649553, 0.5456692087818332, 0.07658515210973098, 0.38292576054865485, 0.027630330556180888, 0.8289099166854267, 0.13815165278090444, 0.8272476623162034, 0.15555084248680748, 0.021211478520928292, 0.8468582566585997, 0.13508168511118768, 0.0181840729957368, 0.9583025965423556, 0.013780698249152883, 0.6339121194610327, 0.34451745622882207, 0.028759363808016317, 0.9634386875685467, 0.6220096064202507, 0.1300565540696888, 0.2488038425681003, 0.33007559704548367, 0.2567254643687095, 0.4034257297222578, 0.5282597822482878, 0.404999166390354, 0.07043463763310505, 0.4836871355611664, 0.3289072521815931, 0.1857358600554879, 0.5435183468875344, 0.03623455645916896, 0.4348146775100275, 0.9657796281717164, 0.030180613380366136, 0.6510509228906264, 0.3396787423777181, 0.35713082321103085, 0.6348992412640548, 0.24456500595435654, 0.7520373933096464, 0.1774260063042091, 0.8161596289993618, 0.42174512075243076, 0.5974722543992769, 0.30604997077371926, 0.6827268578798353, 0.29365245629313924, 0.49617139166771806, 0.21264488214330773, 0.959276459468917, 0.7681782649703573, 0.14065235837485418, 0.09737470964412981, 0.7951906286644986, 0.18203158969428282, 0.028741829951728866, 0.47243861913255786, 0.07268286448193198, 0.47243861913255786, 0.45016361016410206, 0.2813522563525638, 0.2719738478074783, 0.6241217016508408, 0.19453143947558676, 0.17832048618595453, 0.5984393649415235, 0.3911060416546964, 0.009424241967583047, 0.9582289021470319, 0.35130513701721355, 0.6406152498549188, 0.9215277848265127, 0.03839699103443803, 0.03839699103443803, 0.7216989563270475, 0.14804081155426616, 0.12953571010998288, 0.5627318199485218, 0.014068295498713048, 0.43611716046010446, 0.9155769296458747, 0.08323426633144315, 0.803485494712895, 0.12486598904322016, 0.07057642858964618, 0.9554097854081931, 0.1429199509672142, 0.3215698896762319, 0.5359498161270532, 0.45302271581343634, 0.11325567895335908, 0.4303715800227645, 0.3264226275251833, 0.6528452550503666, 0.1928543408323389, 0.7714173633293556, 0.07627303502893659, 0.8771399028327708, 0.057204776271702444, 0.022823089905707583, 0.821631236605473, 0.1369385394342455, 0.5325953677231002, 0.3994465257923252, 0.0621361262343617, 0.957478306670797, 0.03829913226683188, 0.05303257069149805, 0.026516285345749024, 0.9015537017554669, 0.516660581712522, 0.4797562544473419, 0.48874923617161875, 0.4518625013662136, 0.05533010220810779, 0.11113780575979115, 0.01587682939425588, 0.8732256166840734, 0.9068693937827615, 0.09301224551618067, 0.4709836619990903, 0.2997168758176029, 0.23243349553201859, 0.3305793816375144, 0.6198363405703394, 0.0413224227046893, 0.24433293112621776, 0.7329987933786534, 0.3572215288028995, 0.312568837702537, 0.342337298436112, 0.4525991484007605, 0.5172561696008691, 0.03232851060005432, 0.3887789719682671, 0.602607406550814, 0.019438948598413355, 0.8544063308619061, 0.08838686181330063, 0.05892457454220042, 0.31054316233655443, 0.6469649215344884, 0.051757193722759075, 0.9120932388079586, 0.07600776990066321, 0.010858252842951888, 0.8960062519133197, 0.06892355783948613, 0.5077756990401133, 0.5077756990401133, 0.9186812834457322, 0.07988532899528106, 0.2903771303714022, 0.7052016023305483, 0.7170782157067304, 0.19122085752179477, 0.09029873827418086, 0.9579640785315914, 0.038318563141263653, 0.4887287060160173, 0.47321350899963577, 0.038787992540953754, 0.3613065903631397, 0.6322865331354945, 0.01290380679868356, 0.42775846135516293, 0.09871349108196067, 0.46066295838248317, 0.44460567158095865, 0.29101462139844564, 0.2627215332069301, 0.7439378631534986, 0.19232484530388744, 0.06340379515512773, 0.3136663098014524, 0.6900658815631953, 0.8010163734975727, 0.09025536602789551, 0.11281920753486939, 0.2808017929062357, 0.3042019423150887, 0.42120268935935357, 0.27755823115097017, 0.7011997418550825, 0.02921665591062844, 0.036065891747620385, 0.6131201597095465, 0.3606589174762038, 0.23210123265910915, 0.5879897894030764, 0.17020757061668004, 0.6580752618289984, 0.30235890408359384, 0.03557163577454046, 0.9346165202496496, 0.062307768016643304, 0.3826922770559354, 0.06378204617598923, 0.5740384155839031, 0.5074077867388236, 0.4886149057484968, 0.7129529903408086, 0.276668324609866, 0.8938765686512363, 0.05258097462654331, 0.05258097462654331, 0.14935175402299222, 0.8463266061302892, 0.5049565816116539, 0.43464617151382867, 0.06391855463438657, 0.7286600128943246, 0.27203307148054784, 0.9464767885243225, 0.049814567817069604, 0.4482122759808256, 0.19920545599147804, 0.3486095479850866, 0.963852134628458, 0.8973241303358253, 0.10110694426319157, 0.07947901477036484, 0.900762167397468